Country/Area  Year  Unit  Agriculture, hunting, forestry, fishing (ISIC A-B)  Mining, Manufacturing, Utilities (ISIC C-E)  Manufacturing (ISIC D)  Construction (ISIC F)  Wholesale, retail trade, restaurants and hotels (ISIC G-H)  Transport, storage and communication (ISIC I)  Other Activities (ISIC J-P)  Total Value Added
Afghanistan  2022  US$  4777172133.874282  2132734206.1128078  1444469852.5917895  142405276.88816142  1146170772.8556602  1252016108.0949109  3987632846.599903  13438131344.447813
Africa  2022  US$  458398360442.0293  661771454072.3015  333950372198.3943  196071672429.77155  392782295570.63556  241292391281.06192  767058743136.2852  2717740175087.3438
Albania  2022  US$  3522763877.6262336  2207156063.3984456  1236498046.4430482  1839891485.4404664  2701954101.9122663  1219000118.5079212  5036086398.820479  16526852045.705812
Algeria  2022  US$  24498622520.18425  47694682653.192474  8607552008.104511  22515896472.47728  25612164510.03988  20068441247.966698  44192431397.71671  184582238801.5773
Americas  2022  US$  670826516191.4789  5334628246487.036  3782441659282.637  1556274434476.2334  5229631963851.674  3432562727337.4194  17069541844966.477  33293465229601.453
Andorra  2022  US$  16457823.477540981  121966668.81311202  120715243.25795075  254302292.22613165  711629977.4601905  171150847.9852904  1756990963.2652776  3032498573.2275434
Angola  2022  US$  15565418356.595781  44276974569.40416  8440862418.256671  6913694343.57315  25293612132.419918  2485175291.55613  18874716041.534534  113409590735.08368
Anguilla  2022  US$  2744444.4444444445  18322222.22222222  6196296.296296296  26940740.74074074  183262962.96296296  23918518.51851852  112225925.92592593  367411111.1111111
Antigua and Barbuda  2022  US$  32644444.444444444  101781481.48148148  36033333.33333333  258181481.48148146  400118518.5185185  183614814.8148148  587014814.8148148  1563355555.5555553
Argentina  2022  US$  41906598685.99347  128981735611.0692  101317898678.95761  23523414487.191708  115091927184.7174  29163522967.66375  190583937659.8831  529251136596.5186
Armenia  2022  US$  2024177090.5967646  3605335858.876113  2206072779.7761383  1328037903.8413281  2640243731.8361797  1615167375.5387523  6584199862.126839  17797161822.815975
Aruba  2022  US$  908915.6424581006  236317258.10055867  103070749.16201118  172032309.4972067  935926802.7932961  272922177.65363127  1584100767.0391061  3202208230.167598
Asia  2022  US$  2756247463643.526  11371899875925.18  8699104483035.868  2409692698219.9053  4569673727696.014  3208407829059.274  12722831549349.8  37038981897253.195
Australia  2022  US$  42342723801.22029  367860910145.94  95735175506.1402  118257753348.77211  185718665903.83862  116263530641.73279  839023250159.1975  1669466834000.7014
Australia and New Zealand  2022  US$  56440249277.22713  399196539827.3341  118599749402.43216  135331467591.67352  213746065956.67548  131052585847.95488  959546820606.3029  1895313729106.534
Austria  2022  US$  6517455839.823266  92148352687.95985  74818043726.30534  30632878483.569645  73068761123.81262  37000268418.584915  182173162402.98468  421540878956.735
Azerbaijan  2022  US$  3750764705.882353  40255705882.35294  3940647058.8235297  3806823529.4117646  7730941176.470589  5839705882.3529415  11533941176.470589  72917882352.94118
Bahamas  2022  US$  73863922  486341630  126580658  576665938  2571686401  961204681  6706804455  11376567029
Bahrain  2022  US$  129316234.04255319  15243088755.319149  8351734311.170213  3531220143.617021  2676277494.680851  3113195577.12766  18435425372.340424  43128523574.46809
Bangladesh  2022  US$  48561675346.73293  106448228971.4772  94221223743.26357  40289011469.462875  66657086617.42672  35608709656.97101  118556951901.38762  416350714987.9515
Barbados  2022  US$  82900000  390950000  267900000  320350000  1192650000  711900000  2257050000  4955800000
Belarus  2022  US$  5617258291.763452  20661453486.15818  17500941700.620693  3523168576.9772663  7678079281.063173  8478194280.491984  19024328852.67126  64982482769.12531
Belgium  2022  US$  3732297846.909949  89200561953.78125  73687617351.29271  27616648442.5592  69959841462.27115  51404250171.75901  280757533624.0521  522671133501.33264
Belize  2022  US$  220238313  289645994.5  188691926.5  150827410.5  562510693  223257295  952506951  2398986657
Benin  2022  US$  4679155973.151276  1929520765.910882  1708985790.0911815  1031193338.9708959  2517240065.569924  1845377697.3750226  3795413344.7575045  15797901185.735504
Bermuda  2022  US$  19292690  148491113  30152440  286608243  639490354  322057832  5829366258  7245306491
Bhutan  2022  US$  425236778.1331771  694124094.0963377  252953281.0260788  228313600.97224203  377678115.75824296  288669228.3585025  817583005.3574512  2831604822.6886764
Bolivia (Plurinational State of)  2022  US$  5487272058.321274  10337052142.112879  4526279143.849493  1193892026.6280751  4172461859.768451  3970321686.107091  13686729897.395079  38847729670.18813
Bosnia and Herzegovina  2022  US$  1182900763.7309003  4978796946.89832  3520336634.235692  1060482739.6458511  4074615479.4422483  1962847957.4376428  7286554319.039378  20546198744.023678
Botswana  2022  US$  357959912.44104046  5475162194.202231  1094311010.9098387  2136860087.0604002  2861453833.9654193  952912922.6003339  7557076224.643057  19341425174.912483
Brazil  2022  US$  130819691425.14542  331456198362.3548  216882432057.82254  65957978006.81181  236444304701.75388  123709421215.4499  770974392723.6556  1659361986434.9778
British Virgin Islands  2022  US$  1391604  48015045  27495644  55517777  252966026  111729775  1051980263  1521597796
Brunei Darussalam  2022  US$  182856327.17317605  11007252207.017902  3690580414.170635  323775831.58252174  1006881445.6365498  554240674.9970922  3863742421.034833  16938748905.991703
Bulgaria  2022  US$  3483390601.970274  19968694140.679214  12048921005.120556  2990632433.9095984  13691376552.861094  9721625145.03822  30333764901.418747  80189483775.87715
Burkina Faso  2022  US$  3930982267.2499676  5084548752.587015  2009598317.6099548  714792840.1781867  1412142138.6685956  724129460.5361428  5323801716.540917  17190397175.76243
Burundi  2022  US$  1315604178.397478  544967758.8117905  501181069.2965965  139959417.35416448  209431872.8963954  155688978.0749535  1249755404.8954523  3608913239.453798
Cabo Verde  2022  US$  85379695.76741004  161185043.28268299  107890269.63944787  227790113.74083635  442556332.79723656  234018919.15771022  851113764.6120888  2002043869.348489
Cambodia  2022  US$  6558983511.538513  6788082065.881933  5552171050.696235  4393792698.555981  2937364182.9744263  2585265366.6995554  4465655499.332369  27729143324.982533
Cameroon  2022  US$  7528517954.173939  8204129496.060013  5739213287.698023  3094136114.405401  7001195359.454349  5491032108.795535  9859730289.896881  41178741323.748024
Canada  2022  US$  40133310765.42068  349986203327.28906  209817531742.22552  152816932499.97095  253623349761.85822  153991764013.53616  1039900671469.3835  1990451734524.543
Caribbean  2022  US$  16153600724.559914  108730221413.12952  92137293330.91551  38168192502.40028  83066810706.59628  30809411465.47734  198600821325.39185  475529051739.5
Cayman Islands  2022  US$  27164719.858879436  224024100.89640358  59257739.43095772  286611764.84705937  586946372.9854919  326839510.15804064  4487875659.102636  5939462126.648506
Central African Republic  2022  US$  764469680.0345213  461249853.49601364  443187335.75473964  37821574.29141008  441192317.4661548  51820080.747092955  535620516.8800617  2292174022.9168577
Central America  2022  US$  79119865256.21458  452411819311.51324  355500910181.2785  112837007819.79004  385158396935.2325  156261416577.99753  509008293965.0235  1694796799866.871
Central Asia  2022  US$  41713507266.090805  114200871064.26721  70236881775.06544  23268802073.54457  51507578136.481705  30479596705.050568  106437022117.16219  367607377362.88275
Chad  2022  US$  5237553273.12046  7880619694.076615  2584236740.3573685  753909020.0297513  1342988371.099148  474876093.31815034  1941705534.5556195  17631651986.201347
Chile  2022  US$  10657471791.190426  78456631041.9937  29284934589.71943  17671254526.760315  31996242090.183872  21262472706.325375  109890091975.86407  269934164132.31775
China (mainland)  2022  US$  1374205539721.4802  5961627934224.605  5063209109805.673  1237659835337.4956  1964819554359.7002  1448793369132.4094  5976064288304.141  17963170521079.832
China, Hong Kong SAR  2022  US$  264815283.1437478  8014919898.230414  3409838026.4532795  15027909807.93172  66148959676.474  37968687478.04248  219958798193.94098  347384090337.76337
China, Macao Special Administrative Region  2022  US$  ...  578534503.8662117  234339951.20170167  1724568455.695486  2801416326.693782  719386453.3715731  16081548153.868736  21905453893.49579
Colombia  2022  US$  28510447420.455616  77807775451.97357  39591943741.60167  14141037190.306744  46326128996.69948  24114031451.80757  118054529545.46825  308953950056.71124
Comoros  2022  US$  452428602.0742386  100513863.85250299  86969081.77033275  12309875.684566109  237467332.5447319  72509575.7333913  314347192.57625365  1189576442.467825
Congo  2022  US$  1145390612.9208744  5398399825.74231  1380792048.9009583  262434933.5150604  1849473494.6483285  850411165.216542  3354258135.4272494  12860368167.470364
Cook Islands  2022  US$  9548856.294448985  2877217.825025632  6952426.37190774  8696665.57470598  104160057.06375311  33283774.872927547  101034944.7855356  259601516.41639686
Costa Rica  2022  US$  2750204861.038656  11632922999.923218  9802057513.068148  2609900586.4872494  8567202206.352281  6387930214.31836  30870427545.2112  62818588413.32942
Croatia  2022  US$  2203078945.892843  10924682809.169989  8405374953.202724  3321718983.8599277  10657913994.847641  7273159697.46539  25642113088.553684  60022667519.789474
Cuba  2022  US$  2833424714  14887435607  13014705292  13788152577  29127790977  9341137807  85196273782  155174215464
Curaçao  2022  US$  8185344.134078212  227219002.7932961  77123343.575419  116864783.24022347  396798744.6927374  243003423.46368715  1616737464.8044693  2608808763.1284914
Cyprus  2022  US$  464920368.01411295  2137203492.2304497  1529894031.6374836  1400124356.4216015  4619442887.526791  3911072926.2187004  13173935594.261925  25706699624.67358
Czechia  2022  US$  5524425225.8423605  71203450785.63171  60988825619.72856  14828745129.939632  37717429464.4004  33831570835.29563  100409941345.207  263515562786.31674
Côte d'Ivoire  2022  US$  11509440739.28759  11900404483.065458  9083821596.130667  3712678898.3290744  9390478507.844551  7278989159.375824  20711614104.8932  64503605892.79409
Democratic People's Republic of Korea  2022  US$  3507539282.759483  4953400288.671567  3182176554.5167766  1642989583.1448398  32687136.533574358  147846432.92456675  4891671888.532417  15176134612.575663
Democratic Republic of the Congo  2022  US$  10933344309.856808  29774550093.34231  10489690100.34698  602864667.9060482  7085534898.197644  5052088374.114241  7580715740.837667  61029098084.25472
Denmark  2022  US$  4693520806.980844  60018662862.60755  46654256496.32177  18639390245.27966  65161521888.40902  45392696732.27706  158619736801.89655  352525529337.4507
Djibouti  2022  US$  51435204.123316884  285969791.1501736  111443249.48092797  152369500.1603637  1176823750.569713  903900791.13892  1096055938.257156  3666554975.3940163
Dominica  2022  US$  101288888.88888888  44325925.925925925  17477777.777777776  29666666.666666664  71874074.07407407  71285185.18518518  201159259.25925925  519599999.99999994
Dominican Republic  2022  US$  6571533912.420566  20240418027.02435  16934422976.318727  17306014800.489464  19205322809.694347  10496023533.067272  32115973047.37142  105935286130.06741
Eastern Africa  2022  US$  127002950843.21875  73256778595.68922  43350660227.924995  51047379838.98933  62559856898.14725  44855525007.502205  120881929461.7417  479946865833.1665
Eastern Asia  2022  US$  1460995092678.619  7673649762523.027  6616547977979.114  1603226120691.152  2947214865954.5166  2082586957394.4834  9074050656994.377  24841723456236.184
Eastern Europe  2022  US$  157661682826.3056  995162807017.2283  623719431880.857  263126113304.7669  592288011203.3153  372049635749.11444  1354027302377.3892  3734315723109.227
Ecuador  2022  US$  10172241000  26209385000  18809020000  10022288000  14592816000  9367456000  37858917000  108223103000
Egypt  2022  US$  44801723130.30244  104198845683.47781  65368489058.49925  29691297117.47235  60267206302.61745  31046744964.847584  119187873448.43803  389193690647.2078
El Salvador  2022  US$  1540243327  6355583425  5040194569  1820334003  4595820818  2282336197  12484347820  29078665591
Equatorial Guinea  2022  US$  302234978.8301632  5803461918.533676  2698579272.6607747  408505597.70497686  997349840.7098644  796609484.9332905  3464450275.375686  11772612096.08926
Eritrea  2022  US$  420148798.07628524  379258161.9900498  146673902.02321726  382589008.22553897  277152997.0812604  298981237.47927034  674720216.583748  2432850419.4361525
Estonia  2022  US$  944247904.1842842  6844246168.618528  4996763466.679615  2229325238.980136  4655303065.199899  4461805332.301014  14304845713.60682  33439773422.89068
Ethiopia  2022  US$  44779890475.599785  6394710378.90442  5045246272.498936  20638105500.920776  17999252105.50116  4864395596.98187  20626693009.017754  115303047066.92577
Europe  2022  US$  443961123928.69885  4488494671061.58  3280190300594.248  1238609756231.063  3086414455750.9097  2165605537645.229  10059010626737.645  21482246935289.715
Fiji  2022  US$  629639327.5806979  619646606.0483688  498250636.2966665  135542396.1891991  702037539.2445025  445019697.7677115  1582785845.4351704  4114671412.2656503
Finland  2022  US$  6475864343.431142  55110047242.20672  44654859956.98547  17110878326.074717  24360733601.101395  25733095239.32446  116918901867.92372  245709520620.06216
France  2022  US$  53109869590.17586  329163830877.6147  264872105885.7332  137704133882.8501  333670014494.30884  264797440999.66895  1364616470816.5425  2483059657424.9336
French Polynesia  2022  US$  146875014.54918385  423316059.04558456  280915049.58159626  189091772.16757154  822488194.5159955  614761935.7350384  2989931816.6008215  5186464792.605383
Gabon  2022  US$  1208959153.4984035  10106135408.862534  1506669954.1941383  657464724.6382381  878383132.4781532  2233392118.735746  4326505858.0391865  19411000714.398582
Gambia  2022  US$  482216261.0573092  121155080.2782636  61758948.51738051  250905435.15776736  760789715.3165723  142689159.16801062  302454964.18715  2060210615.1468658
Georgia  2022  US$  1497950694.0539057  3581134232.2200127  2381409772.6493382  1719962801.2481997  4088359406.762225  2407658323.1602774  8241659171.867499  21536724628.626297
Germany  2022  US$  37514372965.77121  885298399209.3936  751719763186.1213  211483557495.4584  440345104317.84106  367275522931.89984  1748871419810.3196  3690788376730.6836
Ghana  2022  US$  14432685174.798124  19298437928.170788  8528725566.824622  4301201426.430057  13468875435.182053  6905262409.820609  10626427062.158504  69032889436.68102
Greece  2022  US$  8179770675.940969  32937026351.331062  19792291037.22894  3616658764.286253  38117721788.57303  20638080387.886497  87596078752.58371  191085336720.6015
Greenland  2022  US$  520937241.12043816  180356877.2687572  93681018.4237337  322445954.14800566  317650323.8874631  308153102.33175486  1166106504.5436623  2815650003.1587615
Grenada  2022  US$  62353781.111111104  79045332.22222222  38917980  101135828.51851851  134053308.88888888  85315420.74074073  560615771.111111  1022519442.2222222
Guatemala  2022  US$  8841516141.770836  16081336180.215033  13399212115.390665  5436491822.421048  22364046656.637512  6187402221.051705  30387840224.567017  89298633246.7922
Guinea  2022  US$  5785336393.707022  5883339748.964  2421859811.821748  222870217.86781496  3722959571.6666307  985311887.4714514  3094199541.697813  19694017361.374733
Guinea-Bissau  2022  US$  502345432.2301872  190009762.74014902  173513349.03312567  27420613.60330722  416561313.3381923  104577397.79872113  313048909.3520397  1553963429.0609934
Guyana  2022  US$  1476230215.8273382  9379616306.954437  274796163.0695444  602489208.6330935  505122302.1582734  357381294.9640288  1973702637.8896883  14294541966.426859
Haiti  2022  US$  3801887742.5118427  4644771742.323041  4336929489.169244  857064401.5548124  4115106767.721358  799255367.2524788  4117645520.1685376  18335731541.53207
Honduras  2022  US$  3987703321.5239363  6541424732.153171  5079283728.075683  1785846014.0635493  5673209848.943853  1806441562.5654757  10404189063.51305  30198814542.763035
Hungary  2022  US$  5741419545.30714  34079726244.92583  30514240855.260975  9555906645.94121  17759841651.476704  15933074041.354027  67727297898.75094  150797266027.75586
Iceland  2022  US$  1133222243.1565344  4142679146.7832603  2908616979.8968816  1798730117.3349292  3230532189.4418716  2666436400.850736  12032252440.450434  25003852538.017765
India  2022  US$  579814075022.6007  631165721347.9241  462590746792.1168  257942642330.24863  286092280185.4271  279798544500.1653  1112954862389.625  3147768125775.9907
Indonesia  2022  US$  163563932038.23157  417672552648.8761  241872729215.31354  128821381558.19252  201258282595.78613  120966684771.2041  229038279744.04578  1261321113356.3362
Iran, Islamic Republic of  2022  US$  47826867620.75334  101366439127.14377  78282241624.83357  10176351540.591139  43944669465.44685  31137745310.912315  105084921517.84798  339536994582.69556
Iraq  2022  US$  7532957034.4827585  159729209103.44827  4725923862.068966  6042621310.344828  16052371448.275862  23035998413.793102  52817341034.48276  265210498344.82758
Ireland  2022  US$  5896738248.282144  209613044356.83206  202290522270.15695  11262724834.64001  35935368368.2295  98649771351.55101  145520075188.41736  506877617186.14075
Israel  2022  US$  6109480894.692996  64598931323.133865  56821044674.08979  29243862019.920925  54966694961.4958  80693724813.28554  239561778167.47052  475174174526.7929
Italy  2022  US$  39353232399.17876  369248989483.84576  283554311997.1205  93164215785.679  282066062042.7808  161986837419.92377  856802808347.5035  1802622250640.723
Jamaica  2022  US$  1384814013.205493  2179267303.587998  1454076093.4083102  1226960370.1896887  3586063500.32876  1006493198.2962643  5380301464.053137  14763899849.66134
Japan  2022  US$  42574784524.144936  986578241155.1533  856362648767.3673  235016699637.4021  625651356758.0154  405747712921.4434  1917007213276.0222  4212576008272.1816
Jordan  2022  US$  2215492957.746479  10277464788.732395  8260563380.281691  1328169014.0845072  4374647887.323944  3705633802.8169017  20953521126.760563  42854929577.46479
Kazakhstan  2022  US$  11832119565.807917  67023481794.573685  30271295513.565784  11853774841.632893  39331428943.96575  18472788456.314583  60905887453.413445  209419481055.70828
Kenya  2022  US$  24006118569.686577  11933651577.65049  8876939377.776503  8092012008.38334  10091529917.207159  16729686235.763113  35625621250.36695  106478619559.05763
Kingdom of Eswatini  2022  US$  357671635.1866099  1303002201.6564212  1193420351.7476227  115119339.3710146  645200296.5548946  248682827.27365232  1405858530.8280554  4075534830.870648
Kiribati  2022  US$  56250686.833333656  13434375.02364567  9901386.492003663  9683409.973233437  13240974.958695656  20335631.372256275  116937351.78919818  229882431.33764824
Kosovo  2022  US$  691571413.5617486  1790620658.919481  1238224592.9814823  800584250.4517711  1542238976.6728098  603339602.214198  2127963975.4845278  7556318877.304537
Kuwait  2022  US$  743422077.3956981  88255107104.79863  12192022260.686712  4404155447.902719  9271857741.258945  12996848832.835247  84321194593.66699  199992585794.59293
Kyrgyzstan  2022  US$  1324841945.9959126  1818027430.7016423  1355443653.031027  809629794.5737925  2080195646.6072268  667443190.9137264  2943734186.265293  9643872195.057594
Lao People's Democratic Republic  2022  US$  2738751631.288331  2394018617.2834077  1396058.676434443  1440803233.3804893  1909552341.896474  462764167.77797836  3310740967.534922  12256630959.161602
Latin America and the Caribbean  2022  US$  359332975494.93774  1367749195169.4788  922803294081.9879  312741447779.1143  996785473411.9291  431785752389.55164  2080448700734.5505  5548843538582.752
Latvia  2022  US$  2052804828.9069014  7019511998.282261  5307122262.450176  1800194590.2255213  5559206692.074765  4743244629.948101  14902441377.684637  36077404117.122185
Lebanon  2022  US$  1768434572.6897962  4193778364.1832805  3254732450.1565137  1098376478.5967095  6601109668.475056  2103252271.5177803  23280284318.774544  39045235674.23695
Lesotho  2022  US$  139543297.582295  627573593.4371992  352089692.87095845  59050900.76254895  181446933.0391366  96114399.80737008  872963292.4708534  1976692417.038263
Liberia  2022  US$  2200047946  201548059  127574430  53838750  145205291  159462762  214740107  2974842916
Libya  2022  US$  1599575608.2004082  17794676776.556015  1162811293.792559  1370578696.390636  3046093313.24957  1478417512.7644434  18444593770.432198  43733935677.17774
Liechtenstein  2022  US$  13352988.08953403  2914203377.0320973  2802960658.544823  313096995.5463393  533952823.13913697  281960843.39399844  3417584576.352397  7474151602.506199
Lithuania  2022  US$  2816928427.7427096  13778165917.018326  11547304263.974249  4465054832.271979  11160765200.437775  10211431671.056213  22035005478.031185  64467351526.55819
Luxembourg  2022  US$  196767213.61400738  4214372209.592793  3120756675.027933  4262168252.855045  7432285778.898238  8534839015.810422  49570194529.894295  74210627000.6648
Madagascar  2022  US$  3349458777.6695104  2221579688.835732  1550244251.068287  1133358196.601537  1837651100.8016264  1218368449.395345  4120363958.8083644  14229579604.300491
Malawi  2022  US$  3465907134.043416  1738006355.9242733  1350058352.6740363  385344398.1225883  1528100371.771073  1243187168.9869406  3412130561.7838316  11772675990.633188
Malaysia  2022  US$  36274535470.587036  145470777999.35483  95306912918.77795  13798215535.0388  79708228730.59233  37287696717.98503  89485836893.41595  402025291346.974
Maldives  2022  US$  303814659.7450708  257518891.5697887  123530480.79094668  375931542.4272704  1902292261.0384018  473685134.9142518  2149984237.2840047  5463226726.978788
Mali  2022  US$  6769177453.949089  3106167059.259706  2936894691.6912947  740226383.6482527  2005559823.0898373  998052240.9745176  3911107700.9949007  17530290661.917908
Malta  2022  US$  169941487.15467235  1384034599.2838137  1279293435.171157  729086838.1456333  2209554818.444815  2390433133.9807286  9682142809.927927  16717888637.029535
Marshall Islands  2022  US$  53982616  21406517  10164955  14100416  38910808  27785462  127513574  283699392
Mauritania  2022  US$  2059628103.2064228  2944605229.414897  550562432.9305438  457112240.6612172  1310259763.859982  564560934.6811846  2802146690.2127476  10138312962.063633
Mauritius  2022  US$  437319747.3449778  1782617773.5554185  1559340715.9237962  586767128.139869  2017686756.8865921  1075305930.8746452  5392712431.484895  11292409768.286396
Melanesia  2022  US$  6921307508.669214  12838042699.211164  2111253232.3703916  3069885216.199341  5518685977.318397  2462403103.529163  15080676429.638317  45891000934.32022
Mexico  2022  US$  57145125314.55954  399895053993.6951  316015096075.73773  88551119993.44176  324559970984.7546  128057588753.61137  394661213175.1075  1392870072215.17
Micronesia  2022  US$  218336685.24569687  108466843.06470521  53390450.80989788  52374889.804005384  192952983.23290068  112160681.49502403  612001655.9913374  1296293740.5273123
Micronesia (Federated States of)  2022  US$  95940635  12622642  2101794  8107072  57211517  25285998  202844033  402011898
Middle Africa  2022  US$  42756506688.31863  111949879564.08188  33315111689.42167  12759962873.40925  45053068360.5262  17495739657.764553  50106712364.05491  280122029827.2685
Monaco  2022  US$  ...  297502764.3320347  297502764.3320347  783140009.1836913  2207556744.0290112  634441207.923353  4849431768.966931  8772072494.435022
Mongolia  2022  US$  2233817198.651562  5486824384.334871  1220342614.0463703  567975012.0228142  1977773221.6290371  1138563726.3426619  3909657613.4203706  15314611156.401318
Montenegro  2022  US$  376528710.71329814  565605441.0626885  243416993.1324558  242107728.5810476  1375578538.0325098  537488327.5598761  1918795029.457061  5016103775.406481
Montserrat  2022  US$  433333.3333333333  6670370.37037037  3070370.3703703703  3114814.814814815  6040740.740740741  8462962.962962963  39829629.62962963  64551851.85185185
Morocco  2022  US$  13525302166.676771  26193671831.750828  19658860273.071945  7159082014.365805  18977113237.51412  6866679756.152681  45473816558.002144  118195665564.46234
Mozambique  2022  US$  4919464781.62906  3960058658.4826636  1565661861.4374657  234442548.9147885  1798338569.608855  1664566978.5254705  4003244394.111277  16580115931.272114
Myanmar  2022  US$  14614483984.073841  21099980191.32283  16666604877.28242  3964600186.5955334  13474980864.254223  7882236257.208289  4258330000.4409547  65294611483.89463
Namibia  2022  US$  1082218971.1637495  3339824975.352875  1408442817.5837128  187898512.71435404  1620405015.0022733  559244516.1596036  4820368782.43933  11609960772.893326
Nauru  2022  US$  3534365.412363214  48931372.04105954  28577972.317894213  4434187.830771945  32833687.27420501  28352410.12276775  28098493.20213925  146184515.18966404
Nepal  2022  US$  8299344535.0794525  2782199719.738429  1914731110.0348215  1958355534.1840644  6071580543.433272  2755070272.767289  11776925935.313782  33643476540.51629
Netherlands  2022  US$  15170642906.517967  153852781634.9983  115032298972.1596  42806115313.310265  143140999530.0633  89623102111.81805  459590767414.485  904184408911.1929
New Caledonia  2022  US$  189278249.44449005  1093411368.86853  910516293.7718598  927053552.616352  1003456861.5669765  692310272.0533273  4922345093.697442  8827855398.238306
New Zealand  2022  US$  14097525476.006834  31335629681.39411  22864573896.29196  17073714242.901411  28027400052.83687  14789055206.222094  120523570447.10532  225846895105.8326
Nicaragua  2022  US$  2630366948.3216105  3405802837.026649  2174453562.506259  667077538.8764324  2401315080.544227  733366847.4506142  4116612195.624758  13954541447.816416
Niger  2022  US$  5743148951.936051  2482488840.9190283  1148943935.419526  683540485.2993392  2081841860.601227  731563460.5095721  2829431465.6331162  14552015064.898335
Nigeria  2022  US$  112550254839.5366  102310591569.11339  64577142720.15526  43891368559.371056  66593680849.35683  59728420594.99713  82873563209.59563  467947879621.97064
Northern Africa  2022  US$  96342280526.90244  211655775455.61243  104898173897.62871  63649228642.57335  121229711437.42319  66124726020.403  256533741999.4296  815558116729.4912
Northern America  2022  US$  311493540696.54114  3966879051317.5576  2859638365200.6494  1243532986697.119  4232846490439.7456  3000776974947.868  14989093144231.928  27744621691018.703
Northern Europe  2022  US$  65259921894.54667  1055588716759.5242  684623448188.0743  289000553481.5812  622354326755.0304  577030992246.7251  2476806762402.8022  5086041168379.631
Norway  2022  US$  8978105226.66204  256461333102.19287  27599063881.424973  25664730865.909676  37834688393.86321  32564548842.85342  173922614197.79834  535426020629.27954
Oceania  2022  US$  63924655417.79023  412674037091.58105  121127269371.24709  138726385071.85565  220659562865.2018  134355211586.03148  978871904240.7087  1949211756272.851
Oman  2022  US$  2516852668.4005203  47017043136.54096  9750301929.778933  9995594595.578674  11858194738.621586  7035703760.728218  40818479089.72691  119241867986.9961
Pakistan  2022  US$  72714331949.09624  55761613992.991684  43226224920.96039  9018519947.171715  66171008322.89856  26969494815.31575  75307410857.31738  305942379884.7913
Palau  2022  US$  8628382  12071937  2644343  16049804  50755996  10401180  136608204  234515504
Panama  2022  US$  2004467029  8210049149  3801920691  11815410451  16434320647  10583093487  25131156990  74178497753
Papua New Guinea  2022  US$  5352108505.801556  10876299044.537645  515038692.8209905  1876002051.4205112  3332325840.8902297  1145484380.6508505  7853607558.418811  30435827381.719604
Paraguay  2022  US$  4578840385.370491  11019010856.46851  8094047161.93411  2985743143.0878553  5295186975.187222  2760953895.6883974  12099781360.478199  38739516616.28053
Peru  2022  US$  19006141529.624176  63198836330.581924  28408825907.879364  19355277559.753227  35386331633.23665  15486360147.464312  69343786907.16994  221776734107.83023
Philippines  2022  US$  38606525767.309074  88536928056.55446  69696373497.96523  29620167264.488598  80447327899.78696  27574493920.98992  139498884402.56586  404284327311.7132
Poland  2022  US$  19543006481.20974  153282647668.57794  120307553684.49397  40030658159.65053  107827514202.76642  72446278118.11249  219933860628.75415  613063965259.0713
Polynesia  2022  US$  344761946.6481877  530987721.9710851  362876285.63466  272657374.1787955  1201857947.975008  728061953.0524331  3632405548.776302  6710732491.4697895
Portugal  2022  US$  4726930878.152121  37868208079.38857  31211455634.063354  9639376656.102934  42340894115.212105  19956647343.77575  106773802965.39131  221305860038.0228
Puerto Rico  2022  US$  750100000  51194300000  48796400000  1248700000  12524800000  3950400000  43134900000  112803200000
Qatar  2022  US$  604734942.8571428  128173425053.57143  21886528183.791206  27311435501.0989  16953619693.406593  13211008746.428572  60617353664.28571  246871577601.37363
Republic of Korea  2022  US$  27479803011.60965  444299338726.0787  429057671758.2855  86772456728.11348  148067051420.37057  134741685035.38634  688632463851.906  1529992798773.4646
Republic of Moldova  2022  US$  1142657185.2439609  1711586639.2685034  1298710982.6249049  1179167779.7228625  2500143769.8152695  1380210555.893992  4489504546.59339  12403270476.485062
Republic of North Macedonia  2022  US$  1015342545.3643203  2259786033.0886908  1689997989.997619  788381885.0700821  2270400395.992161  995017222.7766764  4525527491.288497  11854455573.563354
Romania  2022  US$  13445352699.971739  67727779288.57464  57745002372.839775  19104335631.521976  38435098832.776115  37598579495.46494  97195527330.31529  273506843909.80008
Russian Federation  2022  US$  87408237861.048  571621151365.1332  287712822680.11945  163092488896.17453  332722115303.2496  167406637334.70355  709167307247.7316  2031417938008.026
Rwanda  2022  US$  3314541871.452412  1819843633.667137  1319022665.6819408  1007465435.598127  1573315482.7596953  977377354.1881636  3638716684.0629845  12331260461.72852
Saint Kitts and Nevis  2022  US$  12600000  44896296.29629629  31218518.518518515  155662962.96296296  133081481.48148148  110174074.07407406  411318518.5185185  867733333.3333333
Saint Lucia  2022  US$  32926708.148148146  127962666.29629628  61985428.14814814  81091997.4074074  541051380.3703704  185596425.55555555  831429014.8148148  1800058192.5925925
Saint Vincent and the Grenadines  2022  US$  44272781.111111104  73369727.77777778  35402702.22222222  66197080.370370366  124719542.22222221  88222669.62962963  395399568.1481481  792181368.8888888
Samoa  2022  US$  95737532.62841466  62868885.42546482  48524400.95254314  32698429.501029324  208843990.82885095  52500231.87622333  350182902.1424693  802831972.4024523
San Marino  2022  US$  296615.19864417246  588107465.9384885  588107465.9384885  64916451.35167159  276119032.26145285  130157564.55707656  595397857.9369394  1654994988.295891
Sao Tome and Principe  2022  US$  70618369.28766535  44358704.56424608  31880531.25201377  29131897.34521543  163338814.05264333  60334940.347825095  169009971.50802958  536792697.10562485
Saudi Arabia  2022  US$  26660287013.066666  541145832537.06665  162680616832.53333  49810905024.8  90674243021.6  52629430740.53333  291079006671.73334  1051999705008.8
Senegal  2022  US$  4642087390.371987  5834604945.116866  4043159514.614275  614389581.6725243  4164358830.7797236  1794929683.3884785  8445541054.665082  25495911485.996265
Serbia  2022  US$  4106126051.9265747  12743759413.624256  8588538853.276373  3509970773.453452  8722783049.0508  5461983473.664854  18863431979.58252  53408054741.30246
Seychelles  2022  US$  43789602.58147701  166190299.71722153  99139660.24446395  70763997.77166684  395087310.33111817  148744522.0487611  865002293.5534642  1689718152.7319696
Sierra Leone  2022  US$  2000397818.2578912  202760678.24333355  68492951.78159864  24637857.938522413  211199100.45178086  95166096.79082897  797846840.1607639  3332008391.843121
Singapore  2022  US$  131286266.92456448  100579061895.55101  95696083172.14677  12183510638.297842  94993230174.08101  70125725338.49112  165616175048.3555  443628989361.70105
Sint Maarten (Dutch part)  2022  US$  ...  58497621.22905028  17888922.905027933  45850359.77653631  378639860.33519554  186186988.2681564  829800388.8268156  1498975218.435754
Slovakia  2022  US$  2559069563.056447  25960572856.70937  23441497382.13052  6879837132.05456  13045469925.506884  11552029184.158567  42819573921.92787  102816552583.4137
Slovenia  2022  US$  1101880201.319492  13275575536.557632  11918615897.226072  3601870910.3730783  7436819304.585885  5595379200.327607  21778863905.7244  52790390110.50621
Solomon Islands  2022  US$  534426496.62535894  202519837.92059016  160265320.42986026  79780948.62070389  276143404.7378782  99370456.29376249  404274991.75616014  1596516135.7092214
Somalia  2022  US$  5509388293.927407  289295376.6451852  227239366.1482716  384032170.76012343  973129068.1573251  859005280.7528807  1140119473.7441564  9154969663.987078
South Africa  2022  US$  11470279742.954983  91046098122.92673  49714379454.399796  8963141041.88624  49369849890.880516  27598342894.71805  175502017683.47226  363949729376.83875
South America  2022  US$  264059509514.16327  806607154444.8357  475165090569.79376  161736247456.92407  528560265770.10016  244714924346.0768  1372839585444.1355  3378517686976.3804
South Sudan  2022  US$  129329584.23124883  2742311167.895174  81137030.96822679  103742753.09897594  275595163.470143  395493573.5822865  906794599.3746625  4553266841.652491
South-Eastern Asia  2022  US$  355252782192.4265  1087038643207.2675  763590126732.3425  232527114690.17996  623446672004.1063  337801299646.18097  869937489770.1765  3506004001507.905
Southern Africa  2022  US$  13407673559.328676  101791661087.57545  53762643327.511925  11462069881.79456  54678355969.44224  29455297560.559006  190158284513.85358  400953342572.55347
Southern Asia  2022  US$  769388320745.636  917602507400.063  696984574045.7598  326197663150.0708  484004731146.39703  388182812904.7159  1451843278190.633  4337448364562.0444
Southern Europe  2022  US$  99754915459.10538  715631416132.2386  534865243349.8492  192322194695.44592  660502837858.6063  332441757780.85284  1752230759141.2454  3753036682769.8794
Spain  2022  US$  33108093069.867268  224737100580.9184  161478064576.57333  69688629150.77864  255998552243.33762  103520235482.78957  601844201256.686  1288896811784.3774
Sri Lanka  2022  US$  6665802699.620828  16993927049.0089  14928452240.141813  6066131908.124708  11641964862.112198  9898877877.2166  21207005499.900192  72473709895.98343
State of Palestine  2022  US$  1304219670  2432598827  2132577742  953164946  4250545656  908187076  6419018603  16267734778
Sub-Saharan Africa  2022  US$  362056079915.1269  450115678616.68915  229052198300.7656  132422443787.19818  271552584133.21246  175167665260.65887  510525001136.8559  1902182058357.8525
Sudan  2022  US$  7390581671.070724  6720050293.081504  3235565990.607143  1257908164.524835  6261519872.429816  3229775878.986071  11846950632.032152  36729439159.31351
Suriname  2022  US$  291806022.298669  1283173327.8165433  1049249327.6448655  337918610.4860436  629855839.1091624  176197992.96780616  812089889.5928227  3531041682.271047
Sweden  2022  US$  8660749826.763014  107018104484.02228  79350806893.66644  34597617796.606674  64981676049.31162  68303523517.59916  242807888849.6312  526369560523.93396
Switzerland  2022  US$  5029844397.839412  165021726437.8831  150631127955.95038  38559155873.936005  140910763659.59476  64531326167.67863  382099237872.6112  796152054408.4957
Syrian Arab Republic  2022  US$  6521238686.743273  3978091676.024  672547856.9301819  181978303.1890909  3581582994.0992727  1488575007.1050909  2844328049.724727  18595794716.885456
Tajikistan  2022  US$  2580562637.8208833  1772604211.2849383  963550152.6369824  830731547.0160433  1502444956.633873  973040705.4616164  1866529146.0714393  9525913204.288794
Thailand  2022  US$  43699686139.50678  160854301545.72928  133849209208.78241  12489051257.905878  98816616553.72795  36954081690.3564  142526855623.9615  495340592811.1878
Timor-Leste  2022  US$  327841260  1571718658  41409167  150965066  266389084  34395916  891056330  3242366313
Togo  2022  US$  1516664383.7539403  1465991423.2760067  1074858729.6463816  199064450.13619196  617594305.5735393  1068591170.7879156  2485624320.744261  7353530054.270251
Tonga  2022  US$  87562764.82568203  40715757.35994722  25996159.888445716  33670175.99940112  57890692.58816669  25085302.106085353  161017421.8318685  405942114.2815847
Trinidad and Tobago  2022  US$  323663130.30511576  13360570465.582222  6684398242.279149  1347978721.8423347  6245834176.785833  1528005377.8363178  6605326463.803461  29411378336.303345
Tunisia  2022  US$  4526475430.467844  9053848217.553808  6864895273.553292  1654466177.342441  7065614201.572368  3434666659.6855264  17388076192.80835  43123146879.75254
Turkmenistan  2022  US$  7111717232.857142  23613779756  22255667802.857143  4750050595.428572  3362657393.142857  5137754673.714286  20106107697.714287  64082067349.14286
Turks and Caicos Islands  2022  US$  4498325  55719587  6741774  97437126  352076258  117719555  377059548  1004510399
Tuvalu  2022  US$  5037778.350458186  1209802.3150628817  488248.84016717045  8500330.936087564  8475012.978241673  2430708.4621585584  30238463.415606536  55892095.76397272
Türkiye  2022  US$  58753386571.75287  239583526419.89777  200551620219.60822  44287999949.62318  152296062320.41562  111532240237.4453  205493133392.47168  811946348891.6669
Uganda  2022  US$  12109558248.932503  10028716909.02031  7629082418.706758  2558917012.1997943  5203675980.852564  2371701719.406429  12412697009.577785  44685266879.98911
Ukraine  2022  US$  13196865370.892466  28945744541.56967  12160915597.917744  1941172918.8747656  20910942219.39975  13701436758.601002  62926195704.01879  141622357513.35645
United Arab Emirates  2022  US$  4176886241.252553  223484672752.62085  49316804396.18788  37473078539.68687  68661192302.51872  41429373402.3145  131838765035.26208  507063968273.3833
United Kingdom of Great Britain and Northern Ireland  2022  US$  23607740038.437057  335582921480.9604  259314131716.51776  171431906634.25787  369474531306.96136  284304438528.96387  1575743000487.3618  2760144538478.175
United Republic of Tanzania: Mainland  2022  US$  19293744452.937023  12408799831.054474  5251072589.617864  10353203838.14093  6662007932.475272  6047999592.5311165  13268038188.566067  68033793835.70445
United Republic of Tanzania: Zanzibar  2022  US$  608558126.7216262  248443959.21672475  188795727.06257966  244187474.3620938  501486045.0455653  90254323.45489185  505721366.2515026  2198651295.0524044
United States  2022  US$  270820000000  3616564000000  2649697000000  1090107000000  3978266000000  2846155000000  13942197000000  25744109000000
Uruguay  2022  US$  5043334032.866923  9380505878.486729  7371677671.893507  3388750882.880989  8913771356.530582  5963301269.224157  29960498053.091496  62650161473.08087
Uzbekistan  2022  US$  18864265883.60895  19972977871.706944  15390924652.974497  5024615294.893271  5230851196.131996  5228569678.646355  20614763633.69771  74936043558.68523
Vanuatu  2022  US$  215854929.21711165  46165841.83603057  27182289.051014658  51506267.35257493  204722330.87880933  80218296.7635109  317662940.33073485  916130606.3874412
Venezuela (Bolivarian Republic of)  2022  US$  6109434947.069494  59097234135.02339  19553986125.421677  2556203814.3842177  29206116830.755177  8383503718.414444  17601127793.647163  122953621239.77682
Viet Nam  2022  US$  48553899795.79362  131063969321.69576  101216657151.53088  25340851420.141815  48627818131.37025  33373714824.471478  86981932839.48888  373942186332.9618
Western Africa  2022  US$  178888948824.2609  163117359369.34244  98623783055.907  57153031193.00504  109261302905.09666  83361103034.83313  149378074797.20572  741159820124.8644
Western Asia  2022  US$  128897760760.75417  1579408091730.5537  551744922503.5852  224472997614.95844  463499880454.5126  369357162408.8437  1220563102277.457  3986198697584.176
Western Europe  2022  US$  121284603748.74121  1722111731152.5874  1436982177175.4675  494160894749.2687  1211269279933.958  884083151868.5372  4475945802816.209  8908853361030.979
World  2022  US$  4393358119623.5244  22269468284637.68  16216814084482.4  5539374946428.827  13499162005734.44  9182223696909.018  41597314668430.94  96481645993504.55
Yemen  2022  US$  2123238337.0837321  1715942422.5370786  1089880761.4150681  555487749.5921258  2202493323.7444816  1700385219.6417687  2549737353.0298123  10847284405.6299
Zambia  2022  US$  902332018.790413  6935955030.31549  2332038968.544782  3354141852.550093  5778806445.186997  4161892987.583761  6255280616.72538  27388408951.093094
Zimbabwe  2022  US$  1893932375  9275888379  5429373667  1213667722  4023318695  1576464711  5373914872  23357186754